1.200000000000000000e+01 1.180000019073486328e+01 9.000000000000000000e+00
1.200000000000000000e+01 1.160000038146972656e+01 9.000000000000000000e+00
1.200000000000000000e+01 1.140000057220458984e+01 9.000000000000000000e+00
1.200000000000000000e+01 1.140000057220458984e+01 8.800000190734863281e+00
1.200000000000000000e+01 1.119999980926513672e+01 8.800000190734863281e+00
1.180000019073486328e+01 1.140000057220458984e+01 8.600000381469726562e+00
1.180000019073486328e+01 1.119999980926513672e+01 8.600000381469726562e+00
1.180000019073486328e+01 1.100000000000000000e+01 8.600000381469726562e+00
1.200000000000000000e+01 1.100000000000000000e+01 8.600000381469726562e+00
1.200000000000000000e+01 1.080000019073486328e+01 8.600000381469726562e+00
1.200000000000000000e+01 1.060000038146972656e+01 8.600000381469726562e+00
1.200000000000000000e+01 1.040000057220458984e+01 8.600000381469726562e+00
1.219999980926513672e+01 1.040000057220458984e+01 8.600000381469726562e+00
1.219999980926513672e+01 1.019999980926513672e+01 8.600000381469726562e+00
1.219999980926513672e+01 1.000000000000000000e+01 8.600000381469726562e+00
1.219999980926513672e+01 9.800000190734863281e+00 8.600000381469726562e+00
1.240000057220458984e+01 9.800000190734863281e+00 8.600000381469726562e+00
1.260000038146972656e+01 9.800000190734863281e+00 9.000000000000000000e+00
1.260000038146972656e+01 9.800000190734863281e+00 9.199999809265136719e+00
1.280000019073486328e+01 9.800000190734863281e+00 9.199999809265136719e+00
1.280000019073486328e+01 9.600000381469726562e+00 9.199999809265136719e+00
1.280000019073486328e+01 9.600000381469726562e+00 9.400000572204589844e+00
1.300000000000000000e+01 9.600000381469726562e+00 9.400000572204589844e+00
1.300000000000000000e+01 9.400000572204589844e+00 9.400000572204589844e+00
1.300000000000000000e+01 9.400000572204589844e+00 9.199999809265136719e+00
1.300000000000000000e+01 9.199999809265136719e+00 9.400000572204589844e+00
1.300000000000000000e+01 9.199999809265136719e+00 9.199999809265136719e+00
1.300000000000000000e+01 9.000000000000000000e+00 9.199999809265136719e+00
1.300000000000000000e+01 8.800000190734863281e+00 9.199999809265136719e+00
1.200000000000000000e+01 1.119999980926513672e+01 9.000000000000000000e+00
1.200000000000000000e+01 1.019999980926513672e+01 8.600000381469726562e+00
1.180000019073486328e+01 1.080000019073486328e+01 8.600000381469726562e+00
1.200000000000000000e+01 1.080000019073486328e+01 8.800000190734863281e+00
1.200000000000000000e+01 1.060000038146972656e+01 8.800000190734863281e+00
1.219999980926513672e+01 9.600000381469726562e+00 8.600000381469726562e+00
1.180000019073486328e+01 1.119999980926513672e+01 8.800000190734863281e+00
1.180000019073486328e+01 1.180000019073486328e+01 9.000000000000000000e+00
1.280000019073486328e+01 9.400000572204589844e+00 9.400000572204589844e+00
1.200000000000000000e+01 1.100000000000000000e+01 8.800000190734863281e+00
1.180000019073486328e+01 1.160000038146972656e+01 9.000000000000000000e+00
1.160000038146972656e+01 1.119999980926513672e+01 8.600000381469726562e+00
1.200000000000000000e+01 1.000000000000000000e+01 8.600000381469726562e+00
1.280000019073486328e+01 9.800000190734863281e+00 9.400000572204589844e+00
1.300000000000000000e+01 8.800000190734863281e+00 9.400000572204589844e+00
1.180000019073486328e+01 1.060000038146972656e+01 8.600000381469726562e+00
1.280000019073486328e+01 8.800000190734863281e+00 9.199999809265136719e+00
1.160000038146972656e+01 1.100000000000000000e+01 8.600000381469726562e+00
1.180000019073486328e+01 1.040000057220458984e+01 8.600000381469726562e+00
1.200000000000000000e+01 1.040000057220458984e+01 8.800000190734863281e+00
1.200000000000000000e+01 9.800000190734863281e+00 8.600000381469726562e+00
1.180000019073486328e+01 1.140000057220458984e+01 9.000000000000000000e+00
1.180000019073486328e+01 1.100000000000000000e+01 8.800000190734863281e+00
1.200000000000000000e+01 1.080000019073486328e+01 9.000000000000000000e+00
1.180000019073486328e+01 1.119999980926513672e+01 9.000000000000000000e+00
1.119999980926513672e+01 1.219999980926513672e+01 8.600000381469726562e+00
1.200000000000000000e+01 1.060000038146972656e+01 9.000000000000000000e+00
1.260000038146972656e+01 9.800000190734863281e+00 9.400000572204589844e+00
1.180000019073486328e+01 1.019999980926513672e+01 8.600000381469726562e+00
1.280000019073486328e+01 9.400000572204589844e+00 9.199999809265136719e+00
1.280000019073486328e+01 9.199999809265136719e+00 9.199999809265136719e+00
1.200000000000000000e+01 9.600000381469726562e+00 8.600000381469726562e+00
1.219999980926513672e+01 9.400000572204589844e+00 8.600000381469726562e+00
1.160000038146972656e+01 1.140000057220458984e+01 8.600000381469726562e+00
1.260000038146972656e+01 9.600000381469726562e+00 9.199999809265136719e+00
1.260000038146972656e+01 9.400000572204589844e+00 9.199999809265136719e+00
1.280000019073486328e+01 9.000000000000000000e+00 9.199999809265136719e+00
1.280000019073486328e+01 9.199999809265136719e+00 9.400000572204589844e+00
1.219999980926513672e+01 9.400000572204589844e+00 8.400000572204589844e+00
1.160000038146972656e+01 1.180000019073486328e+01 9.000000000000000000e+00
1.140000057220458984e+01 1.140000057220458984e+01 8.600000381469726562e+00
1.200000000000000000e+01 1.100000000000000000e+01 9.000000000000000000e+00
1.140000057220458984e+01 1.119999980926513672e+01 8.600000381469726562e+00
1.180000019073486328e+01 1.000000000000000000e+01 8.600000381469726562e+00
1.200000000000000000e+01 9.400000572204589844e+00 8.600000381469726562e+00
1.260000038146972656e+01 9.600000381469726562e+00 9.400000572204589844e+00
1.200000000000000000e+01 9.400000572204589844e+00 8.400000572204589844e+00
1.160000038146972656e+01 1.160000038146972656e+01 9.000000000000000000e+00
1.180000019073486328e+01 1.100000000000000000e+01 9.000000000000000000e+00
1.119999980926513672e+01 1.200000000000000000e+01 8.600000381469726562e+00
1.200000000000000000e+01 1.040000057220458984e+01 9.000000000000000000e+00
1.240000057220458984e+01 9.800000190734863281e+00 9.000000000000000000e+00
1.140000057220458984e+01 1.100000000000000000e+01 8.600000381469726562e+00
1.240000057220458984e+01 9.600000381469726562e+00 9.000000000000000000e+00
1.219999980926513672e+01 9.199999809265136719e+00 8.400000572204589844e+00
1.200000000000000000e+01 9.199999809265136719e+00 8.400000572204589844e+00
1.180000019073486328e+01 9.800000190734863281e+00 8.600000381469726562e+00
1.219999980926513672e+01 9.199999809265136719e+00 8.600000381469726562e+00
1.100000000000000000e+01 1.219999980926513672e+01 8.600000381469726562e+00
1.219999980926513672e+01 9.000000000000000000e+00 8.600000381469726562e+00
1.219999980926513672e+01 9.000000000000000000e+00 8.400000572204589844e+00
1.160000038146972656e+01 1.119999980926513672e+01 8.800000190734863281e+00
1.280000019073486328e+01 8.800000190734863281e+00 9.400000572204589844e+00
1.300000000000000000e+01 9.000000000000000000e+00 9.400000572204589844e+00
1.180000019073486328e+01 1.080000019073486328e+01 9.000000000000000000e+00
1.180000019073486328e+01 1.040000057220458984e+01 8.800000190734863281e+00
1.260000038146972656e+01 9.400000572204589844e+00 9.400000572204589844e+00
1.160000038146972656e+01 1.040000057220458984e+01 8.600000381469726562e+00
1.200000000000000000e+01 9.199999809265136719e+00 8.600000381469726562e+00
1.100000000000000000e+01 1.200000000000000000e+01 8.600000381469726562e+00
1.160000038146972656e+01 1.040000057220458984e+01 8.400000572204589844e+00
1.240000057220458984e+01 9.800000190734863281e+00 9.199999809265136719e+00
1.240000057220458984e+01 9.600000381469726562e+00 9.199999809265136719e+00
1.160000038146972656e+01 1.019999980926513672e+01 8.400000572204589844e+00
1.160000038146972656e+01 1.019999980926513672e+01 8.600000381469726562e+00
1.200000000000000000e+01 9.000000000000000000e+00 8.400000572204589844e+00
1.160000038146972656e+01 1.140000057220458984e+01 9.000000000000000000e+00
1.260000038146972656e+01 8.800000190734863281e+00 9.199999809265136719e+00
1.180000019073486328e+01 9.600000381469726562e+00 8.600000381469726562e+00
1.300000000000000000e+01 9.000000000000000000e+00 9.600000381469726562e+00
1.160000038146972656e+01 1.119999980926513672e+01 9.000000000000000000e+00
1.119999980926513672e+01 1.140000057220458984e+01 8.600000381469726562e+00
1.240000057220458984e+01 9.400000572204589844e+00 9.000000000000000000e+00
1.219999980926513672e+01 8.800000190734863281e+00 8.600000381469726562e+00
1.100000000000000000e+01 1.240000057220458984e+01 8.600000381469726562e+00
1.219999980926513672e+01 9.800000190734863281e+00 9.000000000000000000e+00
1.200000000000000000e+01 9.000000000000000000e+00 8.600000381469726562e+00
1.119999980926513672e+01 1.119999980926513672e+01 8.600000381469726562e+00
1.160000038146972656e+01 1.000000000000000000e+01 8.600000381469726562e+00
1.200000000000000000e+01 8.800000190734863281e+00 8.600000381469726562e+00
1.160000038146972656e+01 1.000000000000000000e+01 8.400000572204589844e+00
1.180000019073486328e+01 1.060000038146972656e+01 9.000000000000000000e+00
1.219999980926513672e+01 9.800000190734863281e+00 9.199999809265136719e+00
1.080000019073486328e+01 1.240000057220458984e+01 8.600000381469726562e+00
1.080000019073486328e+01 1.219999980926513672e+01 8.600000381469726562e+00
1.100000000000000000e+01 1.180000019073486328e+01 8.600000381469726562e+00
1.240000057220458984e+01 9.400000572204589844e+00 9.199999809265136719e+00
1.260000038146972656e+01 9.199999809265136719e+00 9.199999809265136719e+00
1.119999980926513672e+01 1.160000038146972656e+01 8.600000381469726562e+00
1.119999980926513672e+01 1.100000000000000000e+01 8.600000381469726562e+00
1.260000038146972656e+01 9.000000000000000000e+00 9.199999809265136719e+00
1.160000038146972656e+01 9.800000190734863281e+00 8.600000381469726562e+00
1.180000019073486328e+01 1.040000057220458984e+01 9.000000000000000000e+00
1.160000038146972656e+01 9.800000190734863281e+00 8.400000572204589844e+00
1.260000038146972656e+01 9.199999809265136719e+00 9.400000572204589844e+00
1.219999980926513672e+01 9.600000381469726562e+00 9.199999809265136719e+00
1.100000000000000000e+01 1.160000038146972656e+01 8.600000381469726562e+00
1.160000038146972656e+01 1.100000000000000000e+01 9.000000000000000000e+00
1.240000057220458984e+01 9.199999809265136719e+00 9.199999809265136719e+00
1.280000019073486328e+01 9.000000000000000000e+00 9.400000572204589844e+00
1.080000019073486328e+01 1.200000000000000000e+01 8.600000381469726562e+00
1.140000057220458984e+01 1.019999980926513672e+01 8.400000572204589844e+00
1.240000057220458984e+01 9.199999809265136719e+00 9.000000000000000000e+00
1.100000000000000000e+01 1.140000057220458984e+01 8.600000381469726562e+00
1.160000038146972656e+01 9.600000381469726562e+00 8.600000381469726562e+00
1.160000038146972656e+01 9.600000381469726562e+00 8.400000572204589844e+00
1.160000038146972656e+01 1.080000019073486328e+01 9.000000000000000000e+00
1.280000019073486328e+01 9.000000000000000000e+00 9.600000381469726562e+00
1.140000057220458984e+01 1.000000000000000000e+01 8.400000572204589844e+00
1.080000019073486328e+01 1.180000019073486328e+01 8.600000381469726562e+00
1.100000000000000000e+01 1.119999980926513672e+01 8.600000381469726562e+00
1.260000038146972656e+01 8.800000190734863281e+00 9.400000572204589844e+00
1.060000038146972656e+01 1.240000057220458984e+01 8.600000381469726562e+00
1.240000057220458984e+01 8.800000190734863281e+00 9.199999809265136719e+00
1.060000038146972656e+01 1.219999980926513672e+01 8.600000381469726562e+00
1.140000057220458984e+01 9.800000190734863281e+00 8.400000572204589844e+00
1.080000019073486328e+01 1.160000038146972656e+01 8.600000381469726562e+00
1.100000000000000000e+01 1.100000000000000000e+01 8.600000381469726562e+00
1.140000057220458984e+01 1.040000057220458984e+01 8.400000572204589844e+00
1.219999980926513672e+01 9.600000381469726562e+00 9.000000000000000000e+00
1.160000038146972656e+01 1.060000038146972656e+01 9.000000000000000000e+00
1.219999980926513672e+01 9.400000572204589844e+00 9.199999809265136719e+00
1.240000057220458984e+01 8.800000190734863281e+00 9.000000000000000000e+00
1.060000038146972656e+01 1.200000000000000000e+01 8.600000381469726562e+00
1.119999980926513672e+01 1.040000057220458984e+01 8.400000572204589844e+00
1.119999980926513672e+01 1.019999980926513672e+01 8.400000572204589844e+00
1.080000019073486328e+01 1.140000057220458984e+01 8.600000381469726562e+00
1.140000057220458984e+01 9.600000381469726562e+00 8.400000572204589844e+00
1.200000000000000000e+01 9.800000190734863281e+00 9.000000000000000000e+00
1.160000038146972656e+01 1.040000057220458984e+01 9.000000000000000000e+00
1.219999980926513672e+01 8.800000190734863281e+00 9.000000000000000000e+00
1.200000000000000000e+01 9.800000190734863281e+00 9.199999809265136719e+00
1.240000057220458984e+01 9.000000000000000000e+00 9.199999809265136719e+00
1.160000038146972656e+01 9.400000572204589844e+00 8.400000572204589844e+00
1.060000038146972656e+01 1.219999980926513672e+01 8.400000572204589844e+00
1.200000000000000000e+01 9.600000381469726562e+00 9.000000000000000000e+00
1.040000057220458984e+01 1.240000057220458984e+01 8.600000381469726562e+00
1.119999980926513672e+01 1.000000000000000000e+01 8.400000572204589844e+00
1.060000038146972656e+01 1.180000019073486328e+01 8.600000381469726562e+00
1.219999980926513672e+01 9.199999809265136719e+00 9.199999809265136719e+00
1.040000057220458984e+01 1.260000038146972656e+01 8.600000381469726562e+00
1.080000019073486328e+01 1.119999980926513672e+01 8.600000381469726562e+00
1.100000000000000000e+01 1.080000019073486328e+01 8.600000381469726562e+00
1.140000057220458984e+01 9.400000572204589844e+00 8.400000572204589844e+00
1.040000057220458984e+01 1.260000038146972656e+01 8.400000572204589844e+00
1.040000057220458984e+01 1.240000057220458984e+01 8.400000572204589844e+00
1.060000038146972656e+01 1.240000057220458984e+01 8.400000572204589844e+00
1.100000000000000000e+01 1.080000019073486328e+01 8.400000572204589844e+00
1.060000038146972656e+01 1.200000000000000000e+01 8.400000572204589844e+00
1.100000000000000000e+01 1.100000000000000000e+01 8.400000572204589844e+00
1.040000057220458984e+01 1.219999980926513672e+01 8.400000572204589844e+00
1.040000057220458984e+01 1.219999980926513672e+01 8.600000381469726562e+00
1.080000019073486328e+01 1.100000000000000000e+01 8.600000381469726562e+00
1.119999980926513672e+01 9.800000190734863281e+00 8.400000572204589844e+00
1.060000038146972656e+01 1.160000038146972656e+01 8.600000381469726562e+00
1.160000038146972656e+01 9.199999809265136719e+00 8.400000572204589844e+00
1.080000019073486328e+01 1.100000000000000000e+01 8.400000572204589844e+00
1.219999980926513672e+01 9.000000000000000000e+00 9.199999809265136719e+00
1.100000000000000000e+01 1.040000057220458984e+01 8.400000572204589844e+00
1.219999980926513672e+01 8.800000190734863281e+00 9.199999809265136719e+00
1.140000057220458984e+01 1.060000038146972656e+01 9.000000000000000000e+00
1.140000057220458984e+01 9.199999809265136719e+00 8.400000572204589844e+00
1.280000019073486328e+01 8.800000190734863281e+00 9.600000381469726562e+00
1.040000057220458984e+01 1.200000000000000000e+01 8.400000572204589844e+00
1.100000000000000000e+01 1.019999980926513672e+01 8.400000572204589844e+00
1.080000019073486328e+01 1.080000019073486328e+01 8.400000572204589844e+00
1.100000000000000000e+01 1.060000038146972656e+01 8.400000572204589844e+00
1.119999980926513672e+01 9.600000381469726562e+00 8.400000572204589844e+00
1.060000038146972656e+01 1.140000057220458984e+01 8.600000381469726562e+00
1.140000057220458984e+01 9.000000000000000000e+00 8.400000572204589844e+00
1.200000000000000000e+01 8.800000190734863281e+00 9.000000000000000000e+00
1.240000057220458984e+01 8.800000190734863281e+00 9.400000572204589844e+00
1.040000057220458984e+01 1.200000000000000000e+01 8.600000381469726562e+00
1.019999980926513672e+01 1.260000038146972656e+01 8.400000572204589844e+00
1.200000000000000000e+01 9.600000381469726562e+00 9.199999809265136719e+00
1.300000000000000000e+01 9.000000000000000000e+00 9.800000190734863281e+00
1.200000000000000000e+01 9.400000572204589844e+00 9.199999809265136719e+00
1.019999980926513672e+01 1.240000057220458984e+01 8.400000572204589844e+00
1.040000057220458984e+01 1.180000019073486328e+01 8.600000381469726562e+00
1.080000019073486328e+01 1.060000038146972656e+01 8.400000572204589844e+00
1.100000000000000000e+01 1.000000000000000000e+01 8.400000572204589844e+00
1.060000038146972656e+01 1.119999980926513672e+01 8.600000381469726562e+00
1.119999980926513672e+01 9.400000572204589844e+00 8.400000572204589844e+00
1.260000038146972656e+01 8.800000190734863281e+00 9.600000381469726562e+00
1.080000019073486328e+01 1.119999980926513672e+01 8.400000572204589844e+00
1.280000019073486328e+01 9.000000000000000000e+00 9.800000190734863281e+00
1.019999980926513672e+01 1.219999980926513672e+01 8.400000572204589844e+00
1.060000038146972656e+01 1.119999980926513672e+01 8.400000572204589844e+00
1.080000019073486328e+01 1.040000057220458984e+01 8.400000572204589844e+00
1.060000038146972656e+01 1.100000000000000000e+01 8.400000572204589844e+00
1.100000000000000000e+01 9.800000190734863281e+00 8.400000572204589844e+00
1.040000057220458984e+01 1.160000038146972656e+01 8.600000381469726562e+00
1.119999980926513672e+01 9.199999809265136719e+00 8.400000572204589844e+00
1.019999980926513672e+01 1.200000000000000000e+01 8.400000572204589844e+00
1.080000019073486328e+01 1.019999980926513672e+01 8.400000572204589844e+00
1.060000038146972656e+01 1.080000019073486328e+01 8.400000572204589844e+00
1.100000000000000000e+01 9.600000381469726562e+00 8.400000572204589844e+00
1.219999980926513672e+01 9.400000572204589844e+00 9.400000572204589844e+00
1.180000019073486328e+01 8.800000190734863281e+00 9.000000000000000000e+00
1.000000000000000000e+01 1.260000038146972656e+01 8.400000572204589844e+00
1.040000057220458984e+01 1.140000057220458984e+01 8.600000381469726562e+00
1.119999980926513672e+01 9.000000000000000000e+00 8.400000572204589844e+00
1.200000000000000000e+01 9.199999809265136719e+00 9.199999809265136719e+00
1.140000057220458984e+01 9.000000000000000000e+00 8.600000381469726562e+00
1.180000019073486328e+01 8.800000190734863281e+00 8.800000190734863281e+00
1.140000057220458984e+01 8.800000190734863281e+00 8.600000381469726562e+00
1.019999980926513672e+01 1.200000000000000000e+01 8.600000381469726562e+00
1.200000000000000000e+01 8.800000190734863281e+00 9.199999809265136719e+00
1.000000000000000000e+01 1.260000038146972656e+01 8.600000381469726562e+00
1.000000000000000000e+01 1.240000057220458984e+01 8.400000572204589844e+00
1.060000038146972656e+01 1.060000038146972656e+01 8.400000572204589844e+00
1.080000019073486328e+01 1.000000000000000000e+01 8.400000572204589844e+00
1.019999980926513672e+01 1.180000019073486328e+01 8.600000381469726562e+00
1.040000057220458984e+01 1.119999980926513672e+01 8.600000381469726562e+00
1.100000000000000000e+01 9.400000572204589844e+00 8.400000572204589844e+00
1.119999980926513672e+01 9.000000000000000000e+00 8.600000381469726562e+00
1.219999980926513672e+01 9.199999809265136719e+00 9.400000572204589844e+00
1.000000000000000000e+01 1.280000019073486328e+01 8.600000381469726562e+00
1.119999980926513672e+01 8.800000190734863281e+00 8.600000381469726562e+00
1.040000057220458984e+01 1.119999980926513672e+01 8.400000572204589844e+00
1.060000038146972656e+01 1.040000057220458984e+01 8.400000572204589844e+00
1.000000000000000000e+01 1.219999980926513672e+01 8.400000572204589844e+00
1.040000057220458984e+01 1.100000000000000000e+01 8.400000572204589844e+00
1.080000019073486328e+01 9.800000190734863281e+00 8.400000572204589844e+00
1.219999980926513672e+01 8.800000190734863281e+00 9.400000572204589844e+00
1.019999980926513672e+01 1.160000038146972656e+01 8.600000381469726562e+00
1.100000000000000000e+01 9.199999809265136719e+00 8.400000572204589844e+00
1.200000000000000000e+01 9.400000572204589844e+00 9.400000572204589844e+00
1.160000038146972656e+01 8.800000190734863281e+00 8.800000190734863281e+00
9.800000190734863281e+00 1.280000019073486328e+01 8.600000381469726562e+00
9.800000190734863281e+00 1.260000038146972656e+01 8.600000381469726562e+00
1.000000000000000000e+01 1.200000000000000000e+01 8.400000572204589844e+00
1.019999980926513672e+01 1.180000019073486328e+01 8.400000572204589844e+00
1.040000057220458984e+01 1.080000019073486328e+01 8.400000572204589844e+00
1.060000038146972656e+01 1.019999980926513672e+01 8.400000572204589844e+00
1.000000000000000000e+01 1.240000057220458984e+01 8.600000381469726562e+00
1.019999980926513672e+01 1.140000057220458984e+01 8.600000381469726562e+00
1.080000019073486328e+01 9.600000381469726562e+00 8.400000572204589844e+00
1.100000000000000000e+01 9.000000000000000000e+00 8.400000572204589844e+00
1.140000057220458984e+01 8.800000190734863281e+00 8.800000190734863281e+00
1.160000038146972656e+01 8.800000190734863281e+00 9.000000000000000000e+00
1.240000057220458984e+01 8.800000190734863281e+00 9.600000381469726562e+00
9.800000190734863281e+00 1.240000057220458984e+01 8.600000381469726562e+00
1.000000000000000000e+01 1.180000019073486328e+01 8.400000572204589844e+00
1.040000057220458984e+01 1.060000038146972656e+01 8.400000572204589844e+00
1.060000038146972656e+01 1.000000000000000000e+01 8.400000572204589844e+00
1.000000000000000000e+01 1.180000019073486328e+01 8.600000381469726562e+00
1.019999980926513672e+01 1.119999980926513672e+01 8.600000381469726562e+00
1.080000019073486328e+01 9.400000572204589844e+00 8.400000572204589844e+00
1.240000057220458984e+01 9.400000572204589844e+00 9.600000381469726562e+00
1.240000057220458984e+01 9.199999809265136719e+00 9.600000381469726562e+00
1.100000000000000000e+01 9.000000000000000000e+00 8.600000381469726562e+00
1.000000000000000000e+01 1.200000000000000000e+01 8.600000381469726562e+00
1.019999980926513672e+01 1.119999980926513672e+01 8.400000572204589844e+00
1.100000000000000000e+01 8.800000190734863281e+00 8.600000381469726562e+00
9.800000190734863281e+00 1.240000057220458984e+01 8.400000572204589844e+00
1.040000057220458984e+01 1.040000057220458984e+01 8.400000572204589844e+00
1.280000019073486328e+01 8.800000190734863281e+00 9.800000190734863281e+00
9.800000190734863281e+00 1.219999980926513672e+01 8.400000572204589844e+00
1.019999980926513672e+01 1.100000000000000000e+01 8.400000572204589844e+00
1.060000038146972656e+01 9.800000190734863281e+00 8.400000572204589844e+00
1.180000019073486328e+01 8.800000190734863281e+00 9.199999809265136719e+00
9.800000190734863281e+00 1.219999980926513672e+01 8.600000381469726562e+00
1.000000000000000000e+01 1.160000038146972656e+01 8.600000381469726562e+00
1.080000019073486328e+01 9.199999809265136719e+00 8.400000572204589844e+00
9.600000381469726562e+00 1.280000019073486328e+01 8.600000381469726562e+00
1.000000000000000000e+01 1.219999980926513672e+01 8.600000381469726562e+00
1.119999980926513672e+01 8.800000190734863281e+00 8.800000190734863281e+00
1.040000057220458984e+01 1.019999980926513672e+01 8.400000572204589844e+00
9.600000381469726562e+00 1.260000038146972656e+01 8.600000381469726562e+00
9.800000190734863281e+00 1.200000000000000000e+01 8.600000381469726562e+00
1.019999980926513672e+01 1.080000019073486328e+01 8.400000572204589844e+00
1.060000038146972656e+01 9.600000381469726562e+00 8.400000572204589844e+00
1.000000000000000000e+01 1.140000057220458984e+01 8.600000381469726562e+00
1.080000019073486328e+01 9.000000000000000000e+00 8.400000572204589844e+00
1.260000038146972656e+01 8.800000190734863281e+00 9.800000190734863281e+00
1.019999980926513672e+01 1.060000038146972656e+01 8.400000572204589844e+00
1.040000057220458984e+01 1.000000000000000000e+01 8.400000572204589844e+00
9.600000381469726562e+00 1.240000057220458984e+01 8.600000381469726562e+00
9.800000190734863281e+00 1.180000019073486328e+01 8.600000381469726562e+00
1.000000000000000000e+01 1.119999980926513672e+01 8.600000381469726562e+00
1.060000038146972656e+01 9.400000572204589844e+00 8.400000572204589844e+00
1.080000019073486328e+01 9.000000000000000000e+00 8.600000381469726562e+00
1.140000057220458984e+01 8.800000190734863281e+00 9.000000000000000000e+00
1.000000000000000000e+01 1.119999980926513672e+01 8.400000572204589844e+00
9.600000381469726562e+00 1.300000000000000000e+01 8.600000381469726562e+00
1.080000019073486328e+01 8.800000190734863281e+00 8.600000381469726562e+00
9.400000572204589844e+00 1.300000000000000000e+01 8.600000381469726562e+00
9.400000572204589844e+00 1.280000019073486328e+01 8.600000381469726562e+00
1.000000000000000000e+01 1.100000000000000000e+01 8.400000572204589844e+00
1.019999980926513672e+01 1.040000057220458984e+01 8.400000572204589844e+00
1.219999980926513672e+01 9.400000572204589844e+00 9.600000381469726562e+00
9.600000381469726562e+00 1.219999980926513672e+01 8.600000381469726562e+00
1.040000057220458984e+01 9.800000190734863281e+00 8.400000572204589844e+00
1.060000038146972656e+01 9.199999809265136719e+00 8.400000572204589844e+00
9.800000190734863281e+00 1.160000038146972656e+01 8.600000381469726562e+00
1.000000000000000000e+01 1.080000019073486328e+01 8.400000572204589844e+00
1.019999980926513672e+01 1.019999980926513672e+01 8.400000572204589844e+00
1.100000000000000000e+01 8.800000190734863281e+00 8.800000190734863281e+00
9.400000572204589844e+00 1.260000038146972656e+01 8.600000381469726562e+00
9.600000381469726562e+00 1.200000000000000000e+01 8.600000381469726562e+00
9.800000190734863281e+00 1.140000057220458984e+01 8.600000381469726562e+00
1.040000057220458984e+01 9.600000381469726562e+00 8.400000572204589844e+00
1.060000038146972656e+01 9.000000000000000000e+00 8.400000572204589844e+00
1.240000057220458984e+01 9.400000572204589844e+00 9.800000190734863281e+00
1.240000057220458984e+01 9.199999809265136719e+00 9.800000190734863281e+00
1.219999980926513672e+01 8.800000190734863281e+00 9.600000381469726562e+00
9.400000572204589844e+00 1.280000019073486328e+01 8.400000572204589844e+00
9.400000572204589844e+00 1.240000057220458984e+01 8.600000381469726562e+00
1.000000000000000000e+01 1.060000038146972656e+01 8.400000572204589844e+00
1.019999980926513672e+01 1.000000000000000000e+01 8.400000572204589844e+00
9.400000572204589844e+00 1.300000000000000000e+01 8.400000572204589844e+00
9.600000381469726562e+00 1.180000019073486328e+01 8.600000381469726562e+00
9.800000190734863281e+00 1.119999980926513672e+01 8.600000381469726562e+00
1.040000057220458984e+01 9.400000572204589844e+00 8.400000572204589844e+00
1.060000038146972656e+01 9.000000000000000000e+00 8.600000381469726562e+00
9.199999809265136719e+00 1.300000000000000000e+01 8.600000381469726562e+00
9.199999809265136719e+00 1.300000000000000000e+01 8.400000572204589844e+00
1.000000000000000000e+01 1.040000057220458984e+01 8.400000572204589844e+00
1.060000038146972656e+01 8.800000190734863281e+00 8.600000381469726562e+00
9.199999809265136719e+00 1.280000019073486328e+01 8.400000572204589844e+00
9.400000572204589844e+00 1.219999980926513672e+01 8.600000381469726562e+00
9.800000190734863281e+00 1.119999980926513672e+01 8.400000572204589844e+00
9.800000190734863281e+00 1.100000000000000000e+01 8.400000572204589844e+00
1.019999980926513672e+01 9.800000190734863281e+00 8.400000572204589844e+00
1.119999980926513672e+01 8.800000190734863281e+00 9.000000000000000000e+00
9.400000572204589844e+00 1.240000057220458984e+01 8.400000572204589844e+00
9.600000381469726562e+00 1.160000038146972656e+01 8.600000381469726562e+00
1.040000057220458984e+01 9.199999809265136719e+00 8.400000572204589844e+00
9.199999809265136719e+00 1.280000019073486328e+01 8.600000381469726562e+00
9.199999809265136719e+00 1.260000038146972656e+01 8.600000381469726562e+00
9.800000190734863281e+00 1.080000019073486328e+01 8.400000572204589844e+00
1.000000000000000000e+01 1.019999980926513672e+01 8.400000572204589844e+00
1.280000019073486328e+01 9.000000000000000000e+00 1.000000000000000000e+01
9.400000572204589844e+00 1.200000000000000000e+01 8.600000381469726562e+00
9.600000381469726562e+00 1.140000057220458984e+01 8.600000381469726562e+00
1.019999980926513672e+01 9.600000381469726562e+00 8.400000572204589844e+00
1.040000057220458984e+01 9.000000000000000000e+00 8.400000572204589844e+00
9.400000572204589844e+00 1.260000038146972656e+01 8.400000572204589844e+00
1.080000019073486328e+01 8.800000190734863281e+00 8.800000190734863281e+00
9.400000572204589844e+00 1.200000000000000000e+01 8.400000572204589844e+00
1.160000038146972656e+01 8.800000190734863281e+00 9.199999809265136719e+00
9.199999809265136719e+00 1.260000038146972656e+01 8.400000572204589844e+00
9.600000381469726562e+00 1.200000000000000000e+01 8.400000572204589844e+00
9.199999809265136719e+00 1.240000057220458984e+01 8.400000572204589844e+00
9.800000190734863281e+00 1.060000038146972656e+01 8.400000572204589844e+00
1.000000000000000000e+01 1.000000000000000000e+01 8.400000572204589844e+00
9.400000572204589844e+00 1.180000019073486328e+01 8.400000572204589844e+00
9.400000572204589844e+00 1.180000019073486328e+01 8.600000381469726562e+00
9.600000381469726562e+00 1.119999980926513672e+01 8.600000381469726562e+00
1.019999980926513672e+01 9.400000572204589844e+00 8.400000572204589844e+00
9.199999809265136719e+00 1.240000057220458984e+01 8.600000381469726562e+00
9.600000381469726562e+00 1.119999980926513672e+01 8.400000572204589844e+00
1.040000057220458984e+01 9.000000000000000000e+00 8.600000381469726562e+00
1.140000057220458984e+01 8.800000190734863281e+00 9.199999809265136719e+00
1.240000057220458984e+01 8.800000190734863281e+00 9.800000190734863281e+00
1.080000019073486328e+01 9.000000000000000000e+00 8.800000190734863281e+00
9.800000190734863281e+00 1.040000057220458984e+01 8.400000572204589844e+00
1.219999980926513672e+01 9.400000572204589844e+00 9.800000190734863281e+00
9.199999809265136719e+00 1.219999980926513672e+01 8.600000381469726562e+00
9.400000572204589844e+00 1.160000038146972656e+01 8.400000572204589844e+00
9.400000572204589844e+00 1.160000038146972656e+01 8.600000381469726562e+00
9.600000381469726562e+00 1.100000000000000000e+01 8.400000572204589844e+00
1.000000000000000000e+01 9.800000190734863281e+00 8.400000572204589844e+00
1.040000057220458984e+01 8.800000190734863281e+00 8.600000381469726562e+00
9.199999809265136719e+00 1.219999980926513672e+01 8.400000572204589844e+00
9.600000381469726562e+00 1.160000038146972656e+01 8.400000572204589844e+00
1.019999980926513672e+01 9.199999809265136719e+00 8.400000572204589844e+00
9.600000381469726562e+00 1.200000000000000000e+01 8.800000190734863281e+00
1.100000000000000000e+01 8.800000190734863281e+00 9.000000000000000000e+00
9.800000190734863281e+00 1.019999980926513672e+01 8.400000572204589844e+00
9.400000572204589844e+00 1.140000057220458984e+01 8.400000572204589844e+00
9.600000381469726562e+00 1.140000057220458984e+01 8.400000572204589844e+00
9.600000381469726562e+00 1.080000019073486328e+01 8.400000572204589844e+00
1.000000000000000000e+01 9.600000381469726562e+00 8.400000572204589844e+00
1.019999980926513672e+01 9.000000000000000000e+00 8.400000572204589844e+00
9.600000381469726562e+00 1.180000019073486328e+01 8.800000190734863281e+00
9.800000190734863281e+00 1.000000000000000000e+01 8.400000572204589844e+00
9.400000572204589844e+00 1.119999980926513672e+01 8.400000572204589844e+00
9.600000381469726562e+00 1.060000038146972656e+01 8.400000572204589844e+00
1.000000000000000000e+01 9.400000572204589844e+00 8.400000572204589844e+00
1.060000038146972656e+01 8.800000190734863281e+00 8.800000190734863281e+00
1.019999980926513672e+01 9.000000000000000000e+00 8.600000381469726562e+00
9.600000381469726562e+00 1.160000038146972656e+01 8.800000190734863281e+00
9.600000381469726562e+00 1.060000038146972656e+01 8.600000381469726562e+00
9.600000381469726562e+00 1.040000057220458984e+01 8.400000572204589844e+00
9.800000190734863281e+00 9.800000190734863281e+00 8.400000572204589844e+00
1.240000057220458984e+01 9.000000000000000000e+00 9.800000190734863281e+00
1.280000019073486328e+01 8.800000190734863281e+00 1.000000000000000000e+01
9.400000572204589844e+00 1.100000000000000000e+01 8.400000572204589844e+00
1.000000000000000000e+01 9.199999809265136719e+00 8.400000572204589844e+00
1.019999980926513672e+01 8.800000190734863281e+00 8.400000572204589844e+00
1.019999980926513672e+01 8.800000190734863281e+00 8.600000381469726562e+00
1.119999980926513672e+01 8.800000190734863281e+00 9.199999809265136719e+00
9.199999809265136719e+00 1.300000000000000000e+01 8.800000190734863281e+00
9.600000381469726562e+00 1.140000057220458984e+01 8.800000190734863281e+00
9.400000572204589844e+00 1.080000019073486328e+01 8.400000572204589844e+00
9.600000381469726562e+00 1.019999980926513672e+01 8.400000572204589844e+00
9.199999809265136719e+00 1.280000019073486328e+01 8.800000190734863281e+00
9.800000190734863281e+00 9.600000381469726562e+00 8.400000572204589844e+00
1.000000000000000000e+01 9.000000000000000000e+00 8.400000572204589844e+00
1.080000019073486328e+01 8.800000190734863281e+00 9.000000000000000000e+00
9.600000381469726562e+00 1.100000000000000000e+01 8.600000381469726562e+00
9.600000381469726562e+00 1.000000000000000000e+01 8.400000572204589844e+00
9.600000381469726562e+00 1.119999980926513672e+01 8.800000190734863281e+00
9.199999809265136719e+00 1.260000038146972656e+01 8.800000190734863281e+00
9.400000572204589844e+00 1.060000038146972656e+01 8.400000572204589844e+00
9.400000572204589844e+00 1.060000038146972656e+01 8.600000381469726562e+00
9.800000190734863281e+00 9.400000572204589844e+00 8.400000572204589844e+00
1.000000000000000000e+01 8.800000190734863281e+00 8.600000381469726562e+00
1.040000057220458984e+01 8.800000190734863281e+00 8.800000190734863281e+00
9.600000381469726562e+00 1.080000019073486328e+01 8.600000381469726562e+00
1.260000038146972656e+01 8.800000190734863281e+00 1.000000000000000000e+01
1.000000000000000000e+01 8.800000190734863281e+00 8.400000572204589844e+00
1.219999980926513672e+01 9.000000000000000000e+00 9.600000381469726562e+00
1.219999980926513672e+01 9.000000000000000000e+00 9.800000190734863281e+00
9.400000572204589844e+00 1.040000057220458984e+01 8.400000572204589844e+00
9.600000381469726562e+00 9.800000190734863281e+00 8.400000572204589844e+00
1.080000019073486328e+01 9.000000000000000000e+00 9.000000000000000000e+00
1.200000000000000000e+01 8.800000190734863281e+00 9.600000381469726562e+00
9.600000381469726562e+00 1.100000000000000000e+01 8.800000190734863281e+00
9.800000190734863281e+00 9.199999809265136719e+00 8.400000572204589844e+00
9.199999809265136719e+00 1.240000057220458984e+01 8.800000190734863281e+00
1.219999980926513672e+01 8.800000190734863281e+00 9.800000190734863281e+00
1.160000038146972656e+01 8.800000190734863281e+00 9.400000572204589844e+00
1.219999980926513672e+01 9.199999809265136719e+00 9.800000190734863281e+00
9.600000381469726562e+00 1.200000000000000000e+01 9.000000000000000000e+00
9.400000572204589844e+00 1.019999980926513672e+01 8.400000572204589844e+00
9.600000381469726562e+00 9.600000381469726562e+00 8.400000572204589844e+00
9.800000190734863281e+00 9.000000000000000000e+00 8.400000572204589844e+00
9.600000381469726562e+00 1.080000019073486328e+01 8.800000190734863281e+00
9.600000381469726562e+00 1.040000057220458984e+01 8.600000381469726562e+00
1.040000057220458984e+01 9.000000000000000000e+00 8.800000190734863281e+00
1.140000057220458984e+01 8.800000190734863281e+00 9.400000572204589844e+00
1.219999980926513672e+01 9.199999809265136719e+00 9.600000381469726562e+00
9.400000572204589844e+00 1.000000000000000000e+01 8.400000572204589844e+00
1.000000000000000000e+01 9.000000000000000000e+00 8.600000381469726562e+00
1.100000000000000000e+01 8.800000190734863281e+00 9.199999809265136719e+00
9.600000381469726562e+00 1.180000019073486328e+01 9.000000000000000000e+00
9.600000381469726562e+00 9.400000572204589844e+00 8.400000572204589844e+00
9.800000190734863281e+00 8.800000190734863281e+00 8.400000572204589844e+00
1.019999980926513672e+01 9.000000000000000000e+00 8.800000190734863281e+00
9.600000381469726562e+00 1.060000038146972656e+01 8.800000190734863281e+00
9.600000381469726562e+00 1.019999980926513672e+01 8.600000381469726562e+00
9.800000190734863281e+00 8.800000190734863281e+00 8.600000381469726562e+00
9.400000572204589844e+00 9.800000190734863281e+00 8.400000572204589844e+00
9.800000190734863281e+00 9.000000000000000000e+00 8.600000381469726562e+00
1.060000038146972656e+01 8.800000190734863281e+00 9.000000000000000000e+00
1.200000000000000000e+01 9.199999809265136719e+00 9.600000381469726562e+00
9.600000381469726562e+00 9.199999809265136719e+00 8.400000572204589844e+00
9.600000381469726562e+00 1.160000038146972656e+01 9.000000000000000000e+00
1.019999980926513672e+01 8.800000190734863281e+00 8.800000190734863281e+00
1.180000019073486328e+01 8.800000190734863281e+00 9.600000381469726562e+00
1.200000000000000000e+01 9.199999809265136719e+00 9.800000190734863281e+00
9.600000381469726562e+00 1.040000057220458984e+01 8.800000190734863281e+00
9.400000572204589844e+00 9.600000381469726562e+00 8.400000572204589844e+00
9.600000381469726562e+00 9.000000000000000000e+00 8.400000572204589844e+00
9.600000381469726562e+00 1.140000057220458984e+01 9.000000000000000000e+00
9.600000381469726562e+00 1.019999980926513672e+01 8.800000190734863281e+00
9.199999809265136719e+00 1.280000019073486328e+01 9.000000000000000000e+00
9.199999809265136719e+00 1.000000000000000000e+01 8.400000572204589844e+00
9.400000572204589844e+00 9.400000572204589844e+00 8.400000572204589844e+00
9.600000381469726562e+00 8.800000190734863281e+00 8.400000572204589844e+00
9.600000381469726562e+00 8.800000190734863281e+00 8.600000381469726562e+00
1.000000000000000000e+01 8.800000190734863281e+00 8.800000190734863281e+00
9.600000381469726562e+00 1.119999980926513672e+01 9.000000000000000000e+00
9.199999809265136719e+00 9.800000190734863281e+00 8.400000572204589844e+00
9.199999809265136719e+00 1.260000038146972656e+01 9.000000000000000000e+00
9.400000572204589844e+00 9.199999809265136719e+00 8.400000572204589844e+00
9.600000381469726562e+00 9.000000000000000000e+00 8.600000381469726562e+00
1.040000057220458984e+01 8.800000190734863281e+00 9.000000000000000000e+00
1.080000019073486328e+01 8.800000190734863281e+00 9.199999809265136719e+00
1.119999980926513672e+01 8.800000190734863281e+00 9.400000572204589844e+00
9.199999809265136719e+00 9.600000381469726562e+00 8.400000572204589844e+00
9.400000572204589844e+00 9.000000000000000000e+00 8.400000572204589844e+00
9.600000381469726562e+00 1.100000000000000000e+01 9.000000000000000000e+00
9.199999809265136719e+00 1.240000057220458984e+01 9.000000000000000000e+00
9.199999809265136719e+00 1.000000000000000000e+01 8.600000381469726562e+00
9.199999809265136719e+00 9.400000572204589844e+00 8.400000572204589844e+00
1.080000019073486328e+01 9.000000000000000000e+00 9.199999809265136719e+00
9.199999809265136719e+00 9.800000190734863281e+00 8.600000381469726562e+00
9.400000572204589844e+00 8.800000190734863281e+00 8.600000381469726562e+00
1.240000057220458984e+01 8.800000190734863281e+00 1.000000000000000000e+01
9.600000381469726562e+00 1.080000019073486328e+01 9.000000000000000000e+00
9.400000572204589844e+00 8.800000190734863281e+00 8.400000572204589844e+00
9.800000190734863281e+00 8.800000190734863281e+00 8.800000190734863281e+00
1.040000057220458984e+01 9.000000000000000000e+00 9.000000000000000000e+00
9.600000381469726562e+00 1.200000000000000000e+01 9.199999809265136719e+00
9.199999809265136719e+00 9.199999809265136719e+00 8.400000572204589844e+00
9.400000572204589844e+00 9.000000000000000000e+00 8.600000381469726562e+00
1.019999980926513672e+01 9.000000000000000000e+00 9.000000000000000000e+00
1.200000000000000000e+01 8.800000190734863281e+00 9.800000190734863281e+00
9.199999809265136719e+00 9.600000381469726562e+00 8.600000381469726562e+00
9.600000381469726562e+00 1.060000038146972656e+01 9.000000000000000000e+00
9.199999809265136719e+00 9.000000000000000000e+00 8.400000572204589844e+00
9.600000381469726562e+00 1.180000019073486328e+01 9.199999809265136719e+00
9.199999809265136719e+00 9.400000572204589844e+00 8.600000381469726562e+00
1.019999980926513672e+01 8.800000190734863281e+00 9.000000000000000000e+00
9.600000381469726562e+00 1.040000057220458984e+01 9.000000000000000000e+00
1.060000038146972656e+01 8.800000190734863281e+00 9.199999809265136719e+00
9.199999809265136719e+00 9.199999809265136719e+00 8.600000381469726562e+00
9.199999809265136719e+00 9.000000000000000000e+00 8.600000381469726562e+00
1.100000000000000000e+01 8.800000190734863281e+00 9.400000572204589844e+00
1.160000038146972656e+01 8.800000190734863281e+00 9.600000381469726562e+00
9.600000381469726562e+00 1.160000038146972656e+01 9.199999809265136719e+00
9.199999809265136719e+00 1.219999980926513672e+01 9.000000000000000000e+00
9.600000381469726562e+00 8.800000190734863281e+00 8.800000190734863281e+00
9.600000381469726562e+00 1.019999980926513672e+01 9.000000000000000000e+00
1.140000057220458984e+01 8.800000190734863281e+00 9.600000381469726562e+00
9.600000381469726562e+00 1.140000057220458984e+01 9.199999809265136719e+00
1.000000000000000000e+01 8.800000190734863281e+00 9.000000000000000000e+00
1.200000000000000000e+01 9.400000572204589844e+00 9.800000190734863281e+00
9.199999809265136719e+00 1.280000019073486328e+01 9.199999809265136719e+00
1.180000019073486328e+01 8.800000190734863281e+00 9.800000190734863281e+00
9.600000381469726562e+00 1.119999980926513672e+01 9.199999809265136719e+00
9.199999809265136719e+00 1.000000000000000000e+01 8.800000190734863281e+00
1.040000057220458984e+01 8.800000190734863281e+00 9.199999809265136719e+00
9.199999809265136719e+00 1.260000038146972656e+01 9.199999809265136719e+00
9.400000572204589844e+00 8.800000190734863281e+00 8.800000190734863281e+00
9.400000572204589844e+00 1.200000000000000000e+01 9.199999809265136719e+00
9.199999809265136719e+00 9.800000190734863281e+00 8.800000190734863281e+00
9.600000381469726562e+00 1.100000000000000000e+01 9.199999809265136719e+00
1.080000019073486328e+01 8.800000190734863281e+00 9.400000572204589844e+00
9.199999809265136719e+00 1.240000057220458984e+01 9.199999809265136719e+00
9.199999809265136719e+00 9.600000381469726562e+00 8.800000190734863281e+00
9.400000572204589844e+00 1.180000019073486328e+01 9.199999809265136719e+00
9.800000190734863281e+00 8.800000190734863281e+00 9.000000000000000000e+00
9.600000381469726562e+00 1.080000019073486328e+01 9.199999809265136719e+00
9.400000572204589844e+00 9.000000000000000000e+00 8.800000190734863281e+00
1.219999980926513672e+01 8.800000190734863281e+00 1.000000000000000000e+01
1.040000057220458984e+01 9.000000000000000000e+00 9.199999809265136719e+00
1.280000019073486328e+01 9.000000000000000000e+00 1.019999980926513672e+01
9.199999809265136719e+00 1.219999980926513672e+01 9.199999809265136719e+00
9.199999809265136719e+00 9.400000572204589844e+00 8.800000190734863281e+00
9.199999809265136719e+00 8.800000190734863281e+00 8.600000381469726562e+00
1.119999980926513672e+01 8.800000190734863281e+00 9.600000381469726562e+00
9.400000572204589844e+00 1.160000038146972656e+01 9.199999809265136719e+00
1.019999980926513672e+01 9.000000000000000000e+00 9.199999809265136719e+00
9.600000381469726562e+00 1.060000038146972656e+01 9.199999809265136719e+00
9.199999809265136719e+00 9.199999809265136719e+00 8.800000190734863281e+00
9.199999809265136719e+00 1.200000000000000000e+01 9.199999809265136719e+00
9.199999809265136719e+00 8.800000190734863281e+00 8.800000190734863281e+00
9.199999809265136719e+00 9.000000000000000000e+00 8.800000190734863281e+00
1.019999980926513672e+01 8.800000190734863281e+00 9.199999809265136719e+00
1.280000019073486328e+01 8.800000190734863281e+00 1.019999980926513672e+01
9.400000572204589844e+00 1.140000057220458984e+01 9.199999809265136719e+00
9.600000381469726562e+00 1.040000057220458984e+01 9.199999809265136719e+00
9.600000381469726562e+00 8.800000190734863281e+00 9.000000000000000000e+00
1.160000038146972656e+01 8.800000190734863281e+00 9.800000190734863281e+00
9.400000572204589844e+00 1.119999980926513672e+01 9.199999809265136719e+00
9.600000381469726562e+00 1.019999980926513672e+01 9.199999809265136719e+00
1.060000038146972656e+01 8.800000190734863281e+00 9.400000572204589844e+00
9.199999809265136719e+00 1.180000019073486328e+01 9.199999809265136719e+00
9.400000572204589844e+00 1.100000000000000000e+01 9.199999809265136719e+00
9.199999809265136719e+00 1.160000038146972656e+01 9.199999809265136719e+00
1.000000000000000000e+01 8.800000190734863281e+00 9.199999809265136719e+00
9.199999809265136719e+00 1.000000000000000000e+01 9.000000000000000000e+00
1.260000038146972656e+01 8.800000190734863281e+00 1.019999980926513672e+01
9.400000572204589844e+00 1.080000019073486328e+01 9.199999809265136719e+00
1.100000000000000000e+01 8.800000190734863281e+00 9.600000381469726562e+00
9.199999809265136719e+00 9.800000190734863281e+00 9.000000000000000000e+00
9.400000572204589844e+00 8.800000190734863281e+00 9.000000000000000000e+00
9.199999809265136719e+00 1.140000057220458984e+01 9.199999809265136719e+00
9.400000572204589844e+00 1.180000019073486328e+01 9.400000572204589844e+00
9.600000381469726562e+00 1.180000019073486328e+01 9.400000572204589844e+00
9.400000572204589844e+00 1.200000000000000000e+01 9.400000572204589844e+00
9.199999809265136719e+00 1.119999980926513672e+01 9.199999809265136719e+00
9.400000572204589844e+00 1.060000038146972656e+01 9.199999809265136719e+00
9.199999809265136719e+00 9.600000381469726562e+00 9.000000000000000000e+00
9.199999809265136719e+00 1.280000019073486328e+01 9.400000572204589844e+00
1.040000057220458984e+01 8.800000190734863281e+00 9.400000572204589844e+00
9.199999809265136719e+00 1.260000038146972656e+01 9.400000572204589844e+00
1.200000000000000000e+01 8.800000190734863281e+00 1.000000000000000000e+01
9.199999809265136719e+00 1.100000000000000000e+01 9.199999809265136719e+00
9.199999809265136719e+00 9.400000572204589844e+00 9.000000000000000000e+00
9.400000572204589844e+00 1.040000057220458984e+01 9.199999809265136719e+00
9.400000572204589844e+00 9.000000000000000000e+00 9.000000000000000000e+00
9.800000190734863281e+00 8.800000190734863281e+00 9.199999809265136719e+00
9.199999809265136719e+00 1.240000057220458984e+01 9.400000572204589844e+00
9.400000572204589844e+00 1.160000038146972656e+01 9.400000572204589844e+00
9.199999809265136719e+00 1.080000019073486328e+01 9.199999809265136719e+00
9.199999809265136719e+00 9.199999809265136719e+00 9.000000000000000000e+00
9.400000572204589844e+00 1.019999980926513672e+01 9.199999809265136719e+00
9.199999809265136719e+00 8.800000190734863281e+00 9.000000000000000000e+00
1.140000057220458984e+01 8.800000190734863281e+00 9.800000190734863281e+00
9.199999809265136719e+00 9.000000000000000000e+00 9.000000000000000000e+00
9.199999809265136719e+00 1.219999980926513672e+01 9.400000572204589844e+00
1.040000057220458984e+01 9.000000000000000000e+00 9.400000572204589844e+00
1.080000019073486328e+01 8.800000190734863281e+00 9.600000381469726562e+00
1.019999980926513672e+01 9.000000000000000000e+00 9.400000572204589844e+00
9.600000381469726562e+00 8.800000190734863281e+00 9.199999809265136719e+00
9.199999809265136719e+00 1.200000000000000000e+01 9.400000572204589844e+00
9.199999809265136719e+00 1.060000038146972656e+01 9.199999809265136719e+00
9.199999809265136719e+00 1.040000057220458984e+01 9.199999809265136719e+00
1.019999980926513672e+01 8.800000190734863281e+00 9.400000572204589844e+00
9.199999809265136719e+00 1.019999980926513672e+01 9.199999809265136719e+00
9.199999809265136719e+00 1.019999980926513672e+01 9.000000000000000000e+00
9.199999809265136719e+00 1.000000000000000000e+01 9.199999809265136719e+00
9.199999809265136719e+00 1.180000019073486328e+01 9.400000572204589844e+00
9.199999809265136719e+00 1.160000038146972656e+01 9.400000572204589844e+00
9.199999809265136719e+00 9.800000190734863281e+00 9.199999809265136719e+00
9.400000572204589844e+00 8.800000190734863281e+00 9.199999809265136719e+00
1.000000000000000000e+01 8.800000190734863281e+00 9.400000572204589844e+00
1.119999980926513672e+01 8.800000190734863281e+00 9.800000190734863281e+00
1.180000019073486328e+01 8.800000190734863281e+00 1.000000000000000000e+01
1.240000057220458984e+01 8.800000190734863281e+00 1.019999980926513672e+01
9.199999809265136719e+00 1.140000057220458984e+01 9.400000572204589844e+00
9.400000572204589844e+00 1.060000038146972656e+01 9.400000572204589844e+00
1.060000038146972656e+01 8.800000190734863281e+00 9.600000381469726562e+00
9.199999809265136719e+00 9.600000381469726562e+00 9.199999809265136719e+00
9.400000572204589844e+00 1.040000057220458984e+01 9.400000572204589844e+00
9.199999809265136719e+00 1.119999980926513672e+01 9.400000572204589844e+00
9.199999809265136719e+00 9.400000572204589844e+00 9.199999809265136719e+00
9.199999809265136719e+00 9.000000000000000000e+00 9.199999809265136719e+00
9.400000572204589844e+00 9.000000000000000000e+00 9.199999809265136719e+00
9.199999809265136719e+00 1.100000000000000000e+01 9.400000572204589844e+00
9.199999809265136719e+00 9.199999809265136719e+00 9.199999809265136719e+00
9.800000190734863281e+00 8.800000190734863281e+00 9.400000572204589844e+00
9.199999809265136719e+00 8.800000190734863281e+00 9.199999809265136719e+00
9.199999809265136719e+00 1.080000019073486328e+01 9.400000572204589844e+00
1.040000057220458984e+01 8.800000190734863281e+00 9.600000381469726562e+00
9.199999809265136719e+00 1.260000038146972656e+01 9.600000381469726562e+00
1.100000000000000000e+01 8.800000190734863281e+00 9.800000190734863281e+00
9.199999809265136719e+00 1.060000038146972656e+01 9.400000572204589844e+00
9.199999809265136719e+00 1.240000057220458984e+01 9.600000381469726562e+00
9.400000572204589844e+00 1.180000019073486328e+01 9.600000381469726562e+00
1.160000038146972656e+01 8.800000190734863281e+00 1.000000000000000000e+01
9.600000381469726562e+00 8.800000190734863281e+00 9.400000572204589844e+00
9.199999809265136719e+00 1.040000057220458984e+01 9.400000572204589844e+00
9.199999809265136719e+00 1.219999980926513672e+01 9.600000381469726562e+00
1.040000057220458984e+01 9.000000000000000000e+00 9.600000381469726562e+00
9.199999809265136719e+00 1.019999980926513672e+01 9.400000572204589844e+00
1.019999980926513672e+01 9.000000000000000000e+00 9.600000381469726562e+00
9.199999809265136719e+00 1.200000000000000000e+01 9.600000381469726562e+00
9.199999809265136719e+00 1.000000000000000000e+01 9.400000572204589844e+00
1.019999980926513672e+01 8.800000190734863281e+00 9.600000381469726562e+00
1.219999980926513672e+01 8.800000190734863281e+00 1.019999980926513672e+01
1.080000019073486328e+01 8.800000190734863281e+00 9.800000190734863281e+00
9.199999809265136719e+00 1.180000019073486328e+01 9.600000381469726562e+00
9.400000572204589844e+00 8.800000190734863281e+00 9.400000572204589844e+00
9.199999809265136719e+00 9.800000190734863281e+00 9.400000572204589844e+00
9.199999809265136719e+00 1.160000038146972656e+01 9.600000381469726562e+00
9.199999809265136719e+00 9.600000381469726562e+00 9.400000572204589844e+00
1.000000000000000000e+01 8.800000190734863281e+00 9.600000381469726562e+00
9.199999809265136719e+00 9.400000572204589844e+00 9.400000572204589844e+00
1.140000057220458984e+01 8.800000190734863281e+00 1.000000000000000000e+01
9.199999809265136719e+00 1.140000057220458984e+01 9.600000381469726562e+00
9.400000572204589844e+00 9.000000000000000000e+00 9.400000572204589844e+00
9.199999809265136719e+00 9.199999809265136719e+00 9.400000572204589844e+00
9.199999809265136719e+00 1.119999980926513672e+01 9.600000381469726562e+00
9.199999809265136719e+00 8.800000190734863281e+00 9.400000572204589844e+00
9.199999809265136719e+00 9.000000000000000000e+00 9.400000572204589844e+00
9.199999809265136719e+00 1.100000000000000000e+01 9.600000381469726562e+00
9.800000190734863281e+00 8.800000190734863281e+00 9.600000381469726562e+00
1.060000038146972656e+01 8.800000190734863281e+00 9.800000190734863281e+00
9.199999809265136719e+00 1.080000019073486328e+01 9.600000381469726562e+00
1.200000000000000000e+01 8.800000190734863281e+00 1.019999980926513672e+01
9.199999809265136719e+00 1.060000038146972656e+01 9.600000381469726562e+00
1.119999980926513672e+01 8.800000190734863281e+00 1.000000000000000000e+01
9.600000381469726562e+00 8.800000190734863281e+00 9.600000381469726562e+00
1.040000057220458984e+01 8.800000190734863281e+00 9.800000190734863281e+00
9.199999809265136719e+00 1.040000057220458984e+01 9.600000381469726562e+00
9.199999809265136719e+00 1.260000038146972656e+01 9.800000190734863281e+00
9.199999809265136719e+00 1.019999980926513672e+01 9.600000381469726562e+00
9.199999809265136719e+00 1.240000057220458984e+01 9.800000190734863281e+00
9.199999809265136719e+00 1.000000000000000000e+01 9.600000381469726562e+00
9.199999809265136719e+00 1.219999980926513672e+01 9.800000190734863281e+00
9.199999809265136719e+00 9.800000190734863281e+00 9.600000381469726562e+00
9.400000572204589844e+00 8.800000190734863281e+00 9.600000381469726562e+00
1.019999980926513672e+01 9.000000000000000000e+00 9.800000190734863281e+00
1.040000057220458984e+01 9.000000000000000000e+00 9.800000190734863281e+00
9.199999809265136719e+00 1.200000000000000000e+01 9.800000190734863281e+00
9.199999809265136719e+00 9.600000381469726562e+00 9.600000381469726562e+00
1.100000000000000000e+01 8.800000190734863281e+00 1.000000000000000000e+01
1.019999980926513672e+01 8.800000190734863281e+00 9.800000190734863281e+00
1.140000057220458984e+01 9.000000000000000000e+00 1.000000000000000000e+01
1.180000019073486328e+01 8.800000190734863281e+00 1.019999980926513672e+01
9.199999809265136719e+00 1.180000019073486328e+01 9.800000190734863281e+00
9.199999809265136719e+00 9.400000572204589844e+00 9.600000381469726562e+00
1.119999980926513672e+01 9.000000000000000000e+00 1.000000000000000000e+01
9.199999809265136719e+00 9.000000000000000000e+00 9.600000381469726562e+00
9.199999809265136719e+00 9.199999809265136719e+00 9.600000381469726562e+00
9.199999809265136719e+00 1.160000038146972656e+01 9.800000190734863281e+00
9.199999809265136719e+00 8.800000190734863281e+00 9.600000381469726562e+00
1.000000000000000000e+01 8.800000190734863281e+00 9.800000190734863281e+00
9.199999809265136719e+00 1.140000057220458984e+01 9.800000190734863281e+00
1.080000019073486328e+01 8.800000190734863281e+00 1.000000000000000000e+01
9.199999809265136719e+00 1.119999980926513672e+01 9.800000190734863281e+00
9.400000572204589844e+00 9.000000000000000000e+00 9.600000381469726562e+00
1.260000038146972656e+01 8.800000190734863281e+00 1.040000057220458984e+01
9.199999809265136719e+00 1.100000000000000000e+01 9.800000190734863281e+00
9.800000190734863281e+00 8.800000190734863281e+00 9.800000190734863281e+00
9.199999809265136719e+00 1.080000019073486328e+01 9.800000190734863281e+00
1.160000038146972656e+01 8.800000190734863281e+00 1.019999980926513672e+01
9.199999809265136719e+00 1.060000038146972656e+01 9.800000190734863281e+00
9.199999809265136719e+00 1.040000057220458984e+01 9.800000190734863281e+00
9.600000381469726562e+00 8.800000190734863281e+00 9.800000190734863281e+00
1.060000038146972656e+01 8.800000190734863281e+00 1.000000000000000000e+01
9.199999809265136719e+00 1.019999980926513672e+01 9.800000190734863281e+00
9.199999809265136719e+00 1.000000000000000000e+01 9.800000190734863281e+00
9.400000572204589844e+00 8.800000190734863281e+00 9.800000190734863281e+00
9.199999809265136719e+00 9.800000190734863281e+00 9.800000190734863281e+00
1.040000057220458984e+01 8.800000190734863281e+00 1.000000000000000000e+01
1.140000057220458984e+01 8.800000190734863281e+00 1.019999980926513672e+01
1.240000057220458984e+01 8.800000190734863281e+00 1.040000057220458984e+01
9.199999809265136719e+00 9.600000381469726562e+00 9.800000190734863281e+00
9.199999809265136719e+00 1.260000038146972656e+01 1.000000000000000000e+01
9.199999809265136719e+00 1.240000057220458984e+01 1.000000000000000000e+01
9.199999809265136719e+00 9.400000572204589844e+00 9.800000190734863281e+00
9.400000572204589844e+00 9.000000000000000000e+00 9.800000190734863281e+00
9.199999809265136719e+00 1.219999980926513672e+01 1.000000000000000000e+01
9.199999809265136719e+00 9.199999809265136719e+00 9.800000190734863281e+00
9.199999809265136719e+00 8.800000190734863281e+00 9.800000190734863281e+00
1.019999980926513672e+01 8.800000190734863281e+00 1.000000000000000000e+01
9.199999809265136719e+00 9.000000000000000000e+00 9.800000190734863281e+00
9.199999809265136719e+00 1.200000000000000000e+01 1.000000000000000000e+01
9.199999809265136719e+00 1.180000019073486328e+01 1.000000000000000000e+01
1.119999980926513672e+01 8.800000190734863281e+00 1.019999980926513672e+01
9.199999809265136719e+00 1.160000038146972656e+01 1.000000000000000000e+01
1.000000000000000000e+01 8.800000190734863281e+00 1.000000000000000000e+01
9.199999809265136719e+00 1.140000057220458984e+01 1.000000000000000000e+01
9.199999809265136719e+00 1.119999980926513672e+01 1.000000000000000000e+01
1.219999980926513672e+01 8.800000190734863281e+00 1.040000057220458984e+01
9.199999809265136719e+00 1.100000000000000000e+01 1.000000000000000000e+01
1.100000000000000000e+01 8.800000190734863281e+00 1.019999980926513672e+01
9.800000190734863281e+00 8.800000190734863281e+00 1.000000000000000000e+01
9.199999809265136719e+00 1.080000019073486328e+01 1.000000000000000000e+01
9.199999809265136719e+00 1.060000038146972656e+01 1.000000000000000000e+01
9.199999809265136719e+00 1.040000057220458984e+01 1.000000000000000000e+01
9.600000381469726562e+00 8.800000190734863281e+00 1.000000000000000000e+01
1.080000019073486328e+01 8.800000190734863281e+00 1.019999980926513672e+01
9.199999809265136719e+00 1.019999980926513672e+01 1.000000000000000000e+01
9.199999809265136719e+00 1.000000000000000000e+01 1.000000000000000000e+01
9.400000572204589844e+00 8.800000190734863281e+00 1.000000000000000000e+01
1.200000000000000000e+01 8.800000190734863281e+00 1.040000057220458984e+01
9.199999809265136719e+00 9.800000190734863281e+00 1.000000000000000000e+01
9.199999809265136719e+00 9.600000381469726562e+00 1.000000000000000000e+01
9.199999809265136719e+00 9.400000572204589844e+00 1.000000000000000000e+01
9.199999809265136719e+00 9.199999809265136719e+00 1.000000000000000000e+01
9.199999809265136719e+00 9.000000000000000000e+00 1.000000000000000000e+01
1.060000038146972656e+01 8.800000190734863281e+00 1.019999980926513672e+01
9.199999809265136719e+00 8.800000190734863281e+00 1.000000000000000000e+01
1.040000057220458984e+01 8.800000190734863281e+00 1.019999980926513672e+01
1.180000019073486328e+01 8.800000190734863281e+00 1.040000057220458984e+01
9.199999809265136719e+00 1.240000057220458984e+01 1.019999980926513672e+01
9.199999809265136719e+00 1.219999980926513672e+01 1.019999980926513672e+01
1.019999980926513672e+01 8.800000190734863281e+00 1.019999980926513672e+01
9.199999809265136719e+00 1.200000000000000000e+01 1.019999980926513672e+01
9.199999809265136719e+00 1.180000019073486328e+01 1.019999980926513672e+01
9.199999809265136719e+00 1.160000038146972656e+01 1.019999980926513672e+01
1.160000038146972656e+01 8.800000190734863281e+00 1.040000057220458984e+01
9.199999809265136719e+00 1.140000057220458984e+01 1.019999980926513672e+01
1.000000000000000000e+01 8.800000190734863281e+00 1.019999980926513672e+01
9.199999809265136719e+00 1.119999980926513672e+01 1.019999980926513672e+01
9.199999809265136719e+00 1.100000000000000000e+01 1.019999980926513672e+01
9.800000190734863281e+00 8.800000190734863281e+00 1.019999980926513672e+01
9.199999809265136719e+00 1.080000019073486328e+01 1.019999980926513672e+01
9.199999809265136719e+00 1.060000038146972656e+01 1.019999980926513672e+01
1.140000057220458984e+01 8.800000190734863281e+00 1.040000057220458984e+01
9.199999809265136719e+00 1.040000057220458984e+01 1.019999980926513672e+01
9.600000381469726562e+00 8.800000190734863281e+00 1.019999980926513672e+01
9.199999809265136719e+00 1.019999980926513672e+01 1.019999980926513672e+01
9.199999809265136719e+00 1.000000000000000000e+01 1.019999980926513672e+01
9.199999809265136719e+00 9.800000190734863281e+00 1.019999980926513672e+01
9.400000572204589844e+00 8.800000190734863281e+00 1.019999980926513672e+01
1.119999980926513672e+01 8.800000190734863281e+00 1.040000057220458984e+01
9.199999809265136719e+00 9.600000381469726562e+00 1.019999980926513672e+01
9.199999809265136719e+00 9.400000572204589844e+00 1.019999980926513672e+01
9.199999809265136719e+00 8.800000190734863281e+00 1.019999980926513672e+01
9.199999809265136719e+00 9.199999809265136719e+00 1.019999980926513672e+01
9.199999809265136719e+00 9.000000000000000000e+00 1.019999980926513672e+01
1.100000000000000000e+01 8.800000190734863281e+00 1.040000057220458984e+01
1.080000019073486328e+01 8.800000190734863281e+00 1.040000057220458984e+01
1.060000038146972656e+01 8.800000190734863281e+00 1.040000057220458984e+01
1.040000057220458984e+01 8.800000190734863281e+00 1.040000057220458984e+01
9.199999809265136719e+00 1.240000057220458984e+01 1.040000057220458984e+01
9.199999809265136719e+00 1.219999980926513672e+01 1.040000057220458984e+01
1.019999980926513672e+01 8.800000190734863281e+00 1.040000057220458984e+01
9.199999809265136719e+00 1.200000000000000000e+01 1.040000057220458984e+01
9.199999809265136719e+00 1.180000019073486328e+01 1.040000057220458984e+01
9.199999809265136719e+00 1.160000038146972656e+01 1.040000057220458984e+01
1.000000000000000000e+01 8.800000190734863281e+00 1.040000057220458984e+01
9.199999809265136719e+00 1.140000057220458984e+01 1.040000057220458984e+01
9.199999809265136719e+00 1.119999980926513672e+01 1.040000057220458984e+01
9.199999809265136719e+00 1.100000000000000000e+01 1.040000057220458984e+01
9.199999809265136719e+00 1.080000019073486328e+01 1.040000057220458984e+01
9.800000190734863281e+00 8.800000190734863281e+00 1.040000057220458984e+01
9.199999809265136719e+00 1.060000038146972656e+01 1.040000057220458984e+01
9.199999809265136719e+00 1.040000057220458984e+01 1.040000057220458984e+01
9.600000381469726562e+00 8.800000190734863281e+00 1.040000057220458984e+01
9.199999809265136719e+00 1.019999980926513672e+01 1.040000057220458984e+01
9.199999809265136719e+00 1.000000000000000000e+01 1.040000057220458984e+01
1.260000038146972656e+01 8.800000190734863281e+00 1.060000038146972656e+01
9.199999809265136719e+00 9.800000190734863281e+00 1.040000057220458984e+01
9.400000572204589844e+00 8.800000190734863281e+00 1.040000057220458984e+01
9.199999809265136719e+00 9.600000381469726562e+00 1.040000057220458984e+01
9.199999809265136719e+00 9.400000572204589844e+00 1.040000057220458984e+01
9.199999809265136719e+00 9.199999809265136719e+00 1.040000057220458984e+01
9.199999809265136719e+00 8.800000190734863281e+00 1.040000057220458984e+01
9.199999809265136719e+00 9.000000000000000000e+00 1.040000057220458984e+01
1.240000057220458984e+01 8.800000190734863281e+00 1.060000038146972656e+01
1.219999980926513672e+01 8.800000190734863281e+00 1.060000038146972656e+01
9.400000572204589844e+00 9.000000000000000000e+00 1.040000057220458984e+01
1.200000000000000000e+01 8.800000190734863281e+00 1.060000038146972656e+01
1.180000019073486328e+01 8.800000190734863281e+00 1.060000038146972656e+01
1.160000038146972656e+01 8.800000190734863281e+00 1.060000038146972656e+01
1.140000057220458984e+01 8.800000190734863281e+00 1.060000038146972656e+01
1.119999980926513672e+01 8.800000190734863281e+00 1.060000038146972656e+01
1.100000000000000000e+01 8.800000190734863281e+00 1.060000038146972656e+01
1.080000019073486328e+01 8.800000190734863281e+00 1.060000038146972656e+01
1.060000038146972656e+01 8.800000190734863281e+00 1.060000038146972656e+01
1.040000057220458984e+01 8.800000190734863281e+00 1.060000038146972656e+01
9.199999809265136719e+00 1.219999980926513672e+01 1.060000038146972656e+01
9.199999809265136719e+00 1.200000000000000000e+01 1.060000038146972656e+01
9.199999809265136719e+00 1.180000019073486328e+01 1.060000038146972656e+01
1.019999980926513672e+01 8.800000190734863281e+00 1.060000038146972656e+01
9.199999809265136719e+00 1.160000038146972656e+01 1.060000038146972656e+01
9.199999809265136719e+00 1.140000057220458984e+01 1.060000038146972656e+01
9.199999809265136719e+00 1.119999980926513672e+01 1.060000038146972656e+01
1.000000000000000000e+01 8.800000190734863281e+00 1.060000038146972656e+01
9.199999809265136719e+00 1.100000000000000000e+01 1.060000038146972656e+01
9.199999809265136719e+00 1.080000019073486328e+01 1.060000038146972656e+01
9.199999809265136719e+00 1.060000038146972656e+01 1.060000038146972656e+01
9.800000190734863281e+00 8.800000190734863281e+00 1.060000038146972656e+01
9.199999809265136719e+00 1.040000057220458984e+01 1.060000038146972656e+01
9.199999809265136719e+00 1.019999980926513672e+01 1.060000038146972656e+01
9.199999809265136719e+00 1.000000000000000000e+01 1.060000038146972656e+01
9.199999809265136719e+00 9.800000190734863281e+00 1.060000038146972656e+01
9.400000572204589844e+00 8.800000190734863281e+00 1.060000038146972656e+01
9.600000381469726562e+00 8.800000190734863281e+00 1.060000038146972656e+01
9.199999809265136719e+00 9.600000381469726562e+00 1.060000038146972656e+01
9.199999809265136719e+00 9.400000572204589844e+00 1.060000038146972656e+01
9.199999809265136719e+00 9.199999809265136719e+00 1.060000038146972656e+01
9.199999809265136719e+00 9.000000000000000000e+00 1.060000038146972656e+01
9.199999809265136719e+00 8.800000190734863281e+00 1.060000038146972656e+01
9.600000381469726562e+00 9.000000000000000000e+00 1.060000038146972656e+01
